111 111
111 211
111 311
111 111
111 211
111 311
112 112
112 212
112 312
121 121
121 221
121 321
113 113
113 213
113 313
131 131
131 231
131 331
121 121
121 221
121 321
112 112
112 212
112 312
122 122
122 222
122 322
122 122
122 222
122 322
123 123
123 223
123 323
132 132
132 232
132 332
131 131
131 231
131 331
113 113
113 213
113 313
132 132
132 232
132 332
123 123
123 223
123 323
133 133
133 233
133 333
133 133
133 233
133 333
211 111
211 121
211 131
211 111
211 121
211 131
212 112
212 122
212 132
221 211
221 221
221 231
213 113
213 123
213 133
231 311
231 321
231 331
221 211
221 221
221 231
212 112
212 122
212 132
222 212
222 222
222 232
222 212
222 222
222 232
223 213
223 223
223 233
232 312
232 322
232 332
231 311
231 321
231 331
213 113
213 123
213 133
232 312
232 322
232 332
223 213
223 223
223 233
233 313
233 323
233 333
233 313
233 323
233 333
311 111
311 112
311 113
311 111
311 112
311 113
312 121
312 122
312 123
321 211
321 212
321 213
313 131
313 132
313 133
331 311
331 312
331 313
321 211
321 212
321 213
312 121
312 122
312 123
322 221
322 222
322 223
322 221
322 222
322 223
323 231
323 232
323 233
332 321
332 322
332 323
331 311
331 312
331 313
313 131
313 132
313 133
332 321
332 322
332 323
323 231
323 232
323 233
333 331
333 332
333 333
333 331
333 332
333 333
$