400 796
0 2 1
0 3 1
0 4 1
0 5 1
0 6 1
0 7 1
0 8 1
0 9 1
0 10 1
0 11 1
0 12 1
0 13 1
0 14 1
0 15 1
0 16 1
0 17 1
0 18 1
0 19 1
0 20 1
0 21 1
0 22 1
0 23 1
0 24 1
0 25 1
0 26 1
0 27 1
0 28 1
0 29 1
0 30 1
0 31 1
0 32 1
0 33 1
0 34 1
0 35 1
0 36 1
0 37 1
0 38 1
0 39 1
0 40 1
0 41 1
0 42 1
0 43 1
0 44 1
0 45 1
0 46 1
0 47 1
0 48 1
0 49 1
0 50 1
0 51 1
0 52 1
0 53 1
0 54 1
0 55 1
0 56 1
0 57 1
0 58 1
0 59 1
0 60 1
0 61 1
0 62 1
0 63 1
0 64 1
0 65 1
0 66 1
0 67 1
0 68 1
0 69 1
0 70 1
0 71 1
0 72 1
0 73 1
0 74 1
0 75 1
0 76 1
0 77 1
0 78 1
0 79 1
0 80 1
0 81 1
0 82 1
0 83 1
0 84 1
0 85 1
0 86 1
0 87 1
0 88 1
0 89 1
0 90 1
0 91 1
0 92 1
0 93 1
0 94 1
0 95 1
0 96 1
0 97 1
0 98 1
0 99 1
0 100 1
0 101 1
0 102 1
0 103 1
0 104 1
0 105 1
0 106 1
0 107 1
0 108 1
0 109 1
0 110 1
0 111 1
0 112 1
0 113 1
0 114 1
0 115 1
0 116 1
0 117 1
0 118 1
0 119 1
0 120 1
0 121 1
0 122 1
0 123 1
0 124 1
0 125 1
0 126 1
0 127 1
0 128 1
0 129 1
0 130 1
0 131 1
0 132 1
0 133 1
0 134 1
0 135 1
0 136 1
0 137 1
0 138 1
0 139 1
0 140 1
0 141 1
0 142 1
0 143 1
0 144 1
0 145 1
0 146 1
0 147 1
0 148 1
0 149 1
0 150 1
0 151 1
0 152 1
0 153 1
0 154 1
0 155 1
0 156 1
0 157 1
0 158 1
0 159 1
0 160 1
0 161 1
0 162 1
0 163 1
0 164 1
0 165 1
0 166 1
0 167 1
0 168 1
0 169 1
0 170 1
0 171 1
0 172 1
0 173 1
0 174 1
0 175 1
0 176 1
0 177 1
0 178 1
0 179 1
0 180 1
0 181 1
0 182 1
0 183 1
0 184 1
0 185 1
0 186 1
0 187 1
0 188 1
0 189 1
0 190 1
0 191 1
0 192 1
0 193 1
0 194 1
0 195 1
0 196 1
0 197 1
0 198 1
0 199 1
0 200 1
0 201 1
0 202 1
0 203 1
0 204 1
0 205 1
0 206 1
0 207 1
0 208 1
0 209 1
0 210 1
0 211 1
0 212 1
0 213 1
0 214 1
0 215 1
0 216 1
0 217 1
0 218 1
0 219 1
0 220 1
0 221 1
0 222 1
0 223 1
0 224 1
0 225 1
0 226 1
0 227 1
0 228 1
0 229 1
0 230 1
0 231 1
0 232 1
0 233 1
0 234 1
0 235 1
0 236 1
0 237 1
0 238 1
0 239 1
0 240 1
0 241 1
0 242 1
0 243 1
0 244 1
0 245 1
0 246 1
0 247 1
0 248 1
0 249 1
0 250 1
0 251 1
0 252 1
0 253 1
0 254 1
0 255 1
0 256 1
0 257 1
0 258 1
0 259 1
0 260 1
0 261 1
0 262 1
0 263 1
0 264 1
0 265 1
0 266 1
0 267 1
0 268 1
0 269 1
0 270 1
0 271 1
0 272 1
0 273 1
0 274 1
0 275 1
0 276 1
0 277 1
0 278 1
0 279 1
0 280 1
0 281 1
0 282 1
0 283 1
0 284 1
0 285 1
0 286 1
0 287 1
0 288 1
0 289 1
0 290 1
0 291 1
0 292 1
0 293 1
0 294 1
0 295 1
0 296 1
0 297 1
0 298 1
0 299 1
0 300 1
0 301 1
0 302 1
0 303 1
0 304 1
0 305 1
0 306 1
0 307 1
0 308 1
0 309 1
0 310 1
0 311 1
0 312 1
0 313 1
0 314 1
0 315 1
0 316 1
0 317 1
0 318 1
0 319 1
0 320 1
0 321 1
0 322 1
0 323 1
0 324 1
0 325 1
0 326 1
0 327 1
0 328 1
0 329 1
0 330 1
0 331 1
0 332 1
0 333 1
0 334 1
0 335 1
0 336 1
0 337 1
0 338 1
0 339 1
0 340 1
0 341 1
0 342 1
0 343 1
0 344 1
0 345 1
0 346 1
0 347 1
0 348 1
0 349 1
0 350 1
0 351 1
0 352 1
0 353 1
0 354 1
0 355 1
0 356 1
0 357 1
0 358 1
0 359 1
0 360 1
0 361 1
0 362 1
0 363 1
0 364 1
0 365 1
0 366 1
0 367 1
0 368 1
0 369 1
0 370 1
0 371 1
0 372 1
0 373 1
0 374 1
0 375 1
0 376 1
0 377 1
0 378 1
0 379 1
0 380 1
0 381 1
0 382 1
0 383 1
0 384 1
0 385 1
0 386 1
0 387 1
0 388 1
0 389 1
0 390 1
0 391 1
0 392 1
0 393 1
0 394 1
0 395 1
0 396 1
0 397 1
0 398 1
0 399 1
2 3 1000
3 4 1000
4 5 1000
5 6 1000
6 7 1000
7 8 1000
8 9 1000
9 10 1000
10 11 1000
11 12 1000
12 13 1000
13 14 1000
14 15 1000
15 16 1000
16 17 1000
17 18 1000
18 19 1000
19 20 1000
20 21 1000
21 22 1000
22 23 1000
23 24 1000
24 25 1000
25 26 1000
26 27 1000
27 28 1000
28 29 1000
29 30 1000
30 31 1000
31 32 1000
32 33 1000
33 34 1000
34 35 1000
35 36 1000
36 37 1000
37 38 1000
38 39 1000
39 40 1000
40 41 1000
41 42 1000
42 43 1000
43 44 1000
44 45 1000
45 46 1000
46 47 1000
47 48 1000
48 49 1000
49 50 1000
50 51 1000
51 52 1000
52 53 1000
53 54 1000
54 55 1000
55 56 1000
56 57 1000
57 58 1000
58 59 1000
59 60 1000
60 61 1000
61 62 1000
62 63 1000
63 64 1000
64 65 1000
65 66 1000
66 67 1000
67 68 1000
68 69 1000
69 70 1000
70 71 1000
71 72 1000
72 73 1000
73 74 1000
74 75 1000
75 76 1000
76 77 1000
77 78 1000
78 79 1000
79 80 1000
80 81 1000
81 82 1000
82 83 1000
83 84 1000
84 85 1000
85 86 1000
86 87 1000
87 88 1000
88 89 1000
89 90 1000
90 91 1000
91 92 1000
92 93 1000
93 94 1000
94 95 1000
95 96 1000
96 97 1000
97 98 1000
98 99 1000
99 100 1000
100 101 1000
101 102 1000
102 103 1000
103 104 1000
104 105 1000
105 106 1000
106 107 1000
107 108 1000
108 109 1000
109 110 1000
110 111 1000
111 112 1000
112 113 1000
113 114 1000
114 115 1000
115 116 1000
116 117 1000
117 118 1000
118 119 1000
119 120 1000
120 121 1000
121 122 1000
122 123 1000
123 124 1000
124 125 1000
125 126 1000
126 127 1000
127 128 1000
128 129 1000
129 130 1000
130 131 1000
131 132 1000
132 133 1000
133 134 1000
134 135 1000
135 136 1000
136 137 1000
137 138 1000
138 139 1000
139 140 1000
140 141 1000
141 142 1000
142 143 1000
143 144 1000
144 145 1000
145 146 1000
146 147 1000
147 148 1000
148 149 1000
149 150 1000
150 151 1000
151 152 1000
152 153 1000
153 154 1000
154 155 1000
155 156 1000
156 157 1000
157 158 1000
158 159 1000
159 160 1000
160 161 1000
161 162 1000
162 163 1000
163 164 1000
164 165 1000
165 166 1000
166 167 1000
167 168 1000
168 169 1000
169 170 1000
170 171 1000
171 172 1000
172 173 1000
173 174 1000
174 175 1000
175 176 1000
176 177 1000
177 178 1000
178 179 1000
179 180 1000
180 181 1000
181 182 1000
182 183 1000
183 184 1000
184 185 1000
185 186 1000
186 187 1000
187 188 1000
188 189 1000
189 190 1000
190 191 1000
191 192 1000
192 193 1000
193 194 1000
194 195 1000
195 196 1000
196 197 1000
197 198 1000
198 199 1000
199 200 1000
200 201 1000
201 202 1000
202 203 1000
203 204 1000
204 205 1000
205 206 1000
206 207 1000
207 208 1000
208 209 1000
209 210 1000
210 211 1000
211 212 1000
212 213 1000
213 214 1000
214 215 1000
215 216 1000
216 217 1000
217 218 1000
218 219 1000
219 220 1000
220 221 1000
221 222 1000
222 223 1000
223 224 1000
224 225 1000
225 226 1000
226 227 1000
227 228 1000
228 229 1000
229 230 1000
230 231 1000
231 232 1000
232 233 1000
233 234 1000
234 235 1000
235 236 1000
236 237 1000
237 238 1000
238 239 1000
239 240 1000
240 241 1000
241 242 1000
242 243 1000
243 244 1000
244 245 1000
245 246 1000
246 247 1000
247 248 1000
248 249 1000
249 250 1000
250 251 1000
251 252 1000
252 253 1000
253 254 1000
254 255 1000
255 256 1000
256 257 1000
257 258 1000
258 259 1000
259 260 1000
260 261 1000
261 262 1000
262 263 1000
263 264 1000
264 265 1000
265 266 1000
266 267 1000
267 268 1000
268 269 1000
269 270 1000
270 271 1000
271 272 1000
272 273 1000
273 274 1000
274 275 1000
275 276 1000
276 277 1000
277 278 1000
278 279 1000
279 280 1000
280 281 1000
281 282 1000
282 283 1000
283 284 1000
284 285 1000
285 286 1000
286 287 1000
287 288 1000
288 289 1000
289 290 1000
290 291 1000
291 292 1000
292 293 1000
293 294 1000
294 295 1000
295 296 1000
296 297 1000
297 298 1000
298 299 1000
299 300 1000
300 301 1000
301 302 1000
302 303 1000
303 304 1000
304 305 1000
305 306 1000
306 307 1000
307 308 1000
308 309 1000
309 310 1000
310 311 1000
311 312 1000
312 313 1000
313 314 1000
314 315 1000
315 316 1000
316 317 1000
317 318 1000
318 319 1000
319 320 1000
320 321 1000
321 322 1000
322 323 1000
323 324 1000
324 325 1000
325 326 1000
326 327 1000
327 328 1000
328 329 1000
329 330 1000
330 331 1000
331 332 1000
332 333 1000
333 334 1000
334 335 1000
335 336 1000
336 337 1000
337 338 1000
338 339 1000
339 340 1000
340 341 1000
341 342 1000
342 343 1000
343 344 1000
344 345 1000
345 346 1000
346 347 1000
347 348 1000
348 349 1000
349 350 1000
350 351 1000
351 352 1000
352 353 1000
353 354 1000
354 355 1000
355 356 1000
356 357 1000
357 358 1000
358 359 1000
359 360 1000
360 361 1000
361 362 1000
362 363 1000
363 364 1000
364 365 1000
365 366 1000
366 367 1000
367 368 1000
368 369 1000
369 370 1000
370 371 1000
371 372 1000
372 373 1000
373 374 1000
374 375 1000
375 376 1000
376 377 1000
377 378 1000
378 379 1000
379 380 1000
380 381 1000
381 382 1000
382 383 1000
383 384 1000
384 385 1000
385 386 1000
386 387 1000
387 388 1000
388 389 1000
389 390 1000
390 391 1000
391 392 1000
392 393 1000
393 394 1000
394 395 1000
395 396 1000
396 397 1000
397 398 1000
398 399 1000
399 1 1000