1 1 1
1 2 2
1 3 3
1 4 4
1 5 5
1 6 6
1 7 7
1 8 8
1 9 9
1 10 10
1 11 11
1 12 12
1 13 13
1 14 14
1 15 15
1 16 16
1 17 17
1 18 18
1 19 19
1 20 20
2 1 2
2 2 2
2 3 2
2 4 2
2 5 2
2 6 2
2 7 2
2 8 2
2 9 2
2 10 2
2 11 2
2 12 2
2 13 2
2 14 2
2 15 2
2 16 2
2 17 2
2 18 2
2 19 2
2 20 2
3 1 3
3 2 2
3 3 3
3 4 2
3 5 3
3 6 2
3 7 3
3 8 2
3 9 3
3 10 2
3 11 3
3 12 2
3 13 3
3 14 2
3 15 3
3 16 2
3 17 3
3 18 2
3 19 3
3 20 2
4 1 4
4 2 2
4 3 2
4 4 4
4 5 2
4 6 2
4 7 4
4 8 2
4 9 2
4 10 4
4 11 2
4 12 2
4 13 4
4 14 2
4 15 2
4 16 4
4 17 2
4 18 2
4 19 4
4 20 2
5 1 5
5 2 2
5 3 3
5 4 2
5 5 5
5 6 2
5 7 3
5 8 2
5 9 5
5 10 2
5 11 3
5 12 2
5 13 5
5 14 2
5 15 3
5 16 2
5 17 5
5 18 2
5 19 3
5 20 2
6 1 6
6 2 2
6 3 2
6 4 2
6 5 2
6 6 6
6 7 2
6 8 2
6 9 2
6 10 2
6 11 6
6 12 2
6 13 2
6 14 2
6 15 2
6 16 6
6 17 2
6 18 2
6 19 2
6 20 2
7 1 7
7 2 2
7 3 3
7 4 4
7 5 3
7 6 2
7 7 7
7 8 2
7 9 3
7 10 4
7 11 3
7 12 2
7 13 7
7 14 2
7 15 3
7 16 4
7 17 3
7 18 2
7 19 7
7 20 2
8 1 8
8 2 2
8 3 2
8 4 2
8 5 2
8 6 2
8 7 2
8 8 8
8 9 2
8 10 2
8 11 2
8 12 2
8 13 2
8 14 2
8 15 8
8 16 2
8 17 2
8 18 2
8 19 2
8 20 2
9 1 9
9 2 2
9 3 3
9 4 2
9 5 5
9 6 2
9 7 3
9 8 2
9 9 9
9 10 2
9 11 3
9 12 2
9 13 5
9 14 2
9 15 3
9 16 2
9 17 9
9 18 2
9 19 3
9 20 2
10 1 10
10 2 2
10 3 2
10 4 4
10 5 2
10 6 2
10 7 4
10 8 2
10 9 2
10 10 10
10 11 2
10 12 2
10 13 4
10 14 2
10 15 2
10 16 4
10 17 2
10 18 2
10 19 10
10 20 2
11 1 11
11 2 2
11 3 3
11 4 2
11 5 3
11 6 6
11 7 3
11 8 2
11 9 3
11 10 2
11 11 11
11 12 2
11 13 3
11 14 2
11 15 3
11 16 6
11 17 3
11 18 2
11 19 3
11 20 2
12 1 12
12 2 2
12 3 2
12 4 2
12 5 2
12 6 2
12 7 2
12 8 2
12 9 2
12 10 2
12 11 2
12 12 12
12 13 2
12 14 2
12 15 2
12 16 2
12 17 2
12 18 2
12 19 2
12 20 2
13 1 13
13 2 2
13 3 3
13 4 4
13 5 5
13 6 2
13 7 7
13 8 2
13 9 5
13 10 4
13 11 3
13 12 2
13 13 13
13 14 2
13 15 3
13 16 4
13 17 5
13 18 2
13 19 7
13 20 2
14 1 14
14 2 2
14 3 2
14 4 2
14 5 2
14 6 2
14 7 2
14 8 2
14 9 2
14 10 2
14 11 2
14 12 2
14 13 2
14 14 14
14 15 2
14 16 2
14 17 2
14 18 2
14 19 2
14 20 2
15 1 15
15 2 2
15 3 3
15 4 2
15 5 3
15 6 2
15 7 3
15 8 8
15 9 3
15 10 2
15 11 3
15 12 2
15 13 3
15 14 2
15 15 15
15 16 2
15 17 3
15 18 2
15 19 3
15 20 2
16 1 16
16 2 2
16 3 2
16 4 4
16 5 2
16 6 6
16 7 4
16 8 2
16 9 2
16 10 4
16 11 6
16 12 2
16 13 4
16 14 2
16 15 2
16 16 16
16 17 2
16 18 2
16 19 4
16 20 2
17 1 17
17 2 2
17 3 3
17 4 2
17 5 5
17 6 2
17 7 3
17 8 2
17 9 9
17 10 2
17 11 3
17 12 2
17 13 5
17 14 2
17 15 3
17 16 2
17 17 17
17 18 2
17 19 3
17 20 2
18 1 18
18 2 2
18 3 2
18 4 2
18 5 2
18 6 2
18 7 2
18 8 2
18 9 2
18 10 2
18 11 2
18 12 2
18 13 2
18 14 2
18 15 2
18 16 2
18 17 2
18 18 18
18 19 2
18 20 2
19 1 19
19 2 2
19 3 3
19 4 4
19 5 3
19 6 2
19 7 7
19 8 2
19 9 3
19 10 10
19 11 3
19 12 2
19 13 7
19 14 2
19 15 3
19 16 4
19 17 3
19 18 2
19 19 19
19 20 2
20 1 20
20 2 2
20 3 2
20 4 2
20 5 2
20 6 2
20 7 2
20 8 2
20 9 2
20 10 2
20 11 2
20 12 2
20 13 2
20 14 2
20 15 2
20 16 2
20 17 2
20 18 2
20 19 2
20 20 20
