3 1
4 2
5 3
6 5
7 7
8 9
9 11
10 14
11 18
12 25
13 30
14 35
15 40
16 45
17 57
18 64
19 71
20 78
21 85
22 92
23 99
24 117
25 125
26 133
27 142
28 151
29 161
30 171
31 187
32 198
33 224
34 236
35 248
36 274
37 287
38 301
39 315
40 329
41 343
42 357
43 393
44 427
45 443
46 459
47 475
48 491
49 507
50 523
51 540
52 587
53 605
54 623
55 641
56 659
57 700
58 719
59 738
60 757
61 776
62 795
63 852
64 872
65 892
66 914
67 936
68 967
69 990
70 1013
71 1036
72 1086
73 1131
74 1156
75 1181
76 1252
77 1278
78 1304
79 1330
80 1389
81 1416
82 1443
83 1471
84 1499
85 1527
86 1555
87 1583
88 1611
89 1715
90 1745
91 1829
92 1860
93 1891
94 1922
95 1953
96 1984
97 2015
98 2046
99 2077
100 2165
101 2197
102 2230
103 2263
104 2296
105 2329
106 2362
107 2395
108 2525
109 2560
110 2595
111 2630
112 2665
113 2769
114 2805
115 2841
116 2877
117 2913
118 2949
119 2985
120 3021
121 3057
122 3093
123 3130
124 3167
125 3204
126 3241
127 3349
128 3469
129 3560
130 3602
131 3644
132 3686
133 3728
134 3798
135 3841
136 3884
137 3927
138 3970
139 4013
140 4056
141 4143
142 4187
143 4231
144 4275
145 4412
146 4458
147 4504
148 4628
149 4675
150 4782
151 4830
152 4921
153 4970
154 5019
155 5068
156 5117
157 5166
158 5215
159 5264
160 5313
161 5438
162 5488
163 5538
164 5693
165 5744
166 5795
167 5846
168 5897
169 5948
170 5999
171 6137
172 6190
173 6243
174 6388
175 6442
176 6496
177 6597
178 6652
179 6707
180 6762
181 6817
182 6872
183 6927
184 6982
185 7154
186 7210
187 7266
188 7322
189 7486
190 7543
191 7600
192 7657
193 7714
194 7771
195 7828
196 7979
197 8037
198 8096
199 8155
200 8214
201 8273
202 8332
203 8391
204 8501
205 8561
206 8745
207 8806
208 8996
209 9058
210 9120
211 9182
212 9244
213 9306
214 9368
215 9430
216 9492
217 9554
218 9617
219 9680
220 9758
221 9822
222 9886
223 10052
224 10117
225 10357
226 10424
227 10492
228 10560
229 10628
230 10696
231 10764
232 10887
233 11152
234 11223
235 11294
236 11365
237 11436
238 11507
239 11578
240 11649
241 11795
242 11867
243 11939
244 12011
245 12083
246 12311
247 12384
248 12457
249 12530
250 12603
251 12676
252 12954
253 13029
254 13104
255 13179
256 13254
257 13329
258 13405
259 13481
260 13710
261 13787
262 13864
263 13941
264 14077
265 14270
266 14349
267 14428
268 14507
269 14758
270 14838
271 14918
272 14998
273 15078
274 15158
275 15238
276 15318
277 15398
278 15478
279 15558
280 15773
281 15854
282 15935
283 16134
284 16216
285 16298
286 16380
287 16462
288 16544
289 16791
290 16874
291 16958
292 17042
293 17126
294 17398
295 17483
296 17568
297 17871
298 17958
299 18045
300 18132
301 18219
302 18306
303 18393
304 18480
305 18567
306 18654
307 18741
308 18828
309 18915
310 19002
311 19089
312 19176
313 19263
314 19350
315 19437
316 19825
317 19914
318 20003
319 20092
320 20358
321 20652
322 20743
323 20834
324 20925
325 21016
326 21108
327 21200
328 21292
329 21384
330 21476
331 21568
332 21727
333 21820
334 21913
335 22006
336 22099
337 22387
338 22481
339 22575
340 22669
341 22763
342 22857
343 22951
344 23045
345 23140
346 23235
347 23348
348 23444
349 23540
350 23856
351 24087
352 24227
353 24515
354 24615
355 24715
356 24815
357 24915
358 25015
359 25181
360 25497
361 25599
362 25701
363 25804
364 25907
365 26010
366 26113
367 26216
368 26409
369 26584
370 26689
371 26794
372 26899
373 27004
374 27109
375 27214
376 27319
377 27424
378 27529
379 27748
380 27854
381 28196
382 28303
383 28410
384 28517
385 28859
386 28967
387 29075
388 29526
389 29636
390 29746
391 29856
392 30104
393 30215
394 30326
395 30437
396 30548
397 30659
398 30770
399 30881
400 30992
401 31103
402 31215
403 31327
404 31439
405 31551
406 31663
407 31937
408 32125
409 32239
410 32353
411 32467
412 32836
413 32951
414 33318
415 33434
416 33550
417 33666
418 33782
419 33898
420 34014
421 34130
422 34246
423 34362
424 34664
425 34994
426 35112
427 35380
428 35499
429 35618
430 35737
431 35856
432 35975
433 36094
434 36213
435 36332
436 36451
437 36570
438 36689
439 36808
440 36927
441 37321
442 37441
443 37772
444 37894
445 38016
446 38138
447 38260
448 38382
449 38851
450 38975
451 39099
452 39223
453 39347
454 39471
455 39595
456 39719
457 39843
458 39967
459 40091
460 40215
461 40339
462 40463
463 40587
464 41170
465 41296
466 41422
467 41548
468 41832
469 41959
470 42086
471 42213
472 42635
473 42763
474 42891
475 43019
476 43147
477 43275
478 43403
479 43531
480 43659
481 43787
482 43915
483 44043
484 44171
485 44299
486 44712
487 45100
488 45231
489 45362
490 45493
491 45624
492 45838
493 45970
494 46102
495 46234
496 46366
497 46498
498 46630
499 46762
500 46894
501 47026
502 47158
503 47290
504 47422
505 48106
506 48240
507 48374
508 48508
509 48642
510 48776
511 49076
512 49493
513 49629
514 49766
515 49903
516 50061
517 50199
518 50337
519 50475
520 50613
521 50800
522 50939
523 51078
524 51217
525 51656
526 51796
527 51936
528 52153
529 52294
530 52435
531 52577
532 52719
533 52861
534 53003
535 53145
536 53287
537 53621
538 53765
539 54215
540 54695
541 54841
542 54987
543 55133
544 55279
545 55425
546 55571
547 55717
548 56245
549 56393
550 56541
551 56689
552 56837
553 56985
554 57133
555 57281
556 57603
557 57752
558 57901
559 58050
560 58199
561 58509
562 58659
563 58809
564 58959
565 59109
566 59575
567 59726
568 60207
569 60359
570 60511
571 60663
572 60815
573 60967
574 61119
575 61271
576 61612
577 62120
578 62275
579 62430
580 62585
581 62740
582 62895
583 63050
584 63296
585 63452
586 63608
587 63764
588 63920
589 64076
590 64232
591 64388
592 64544
593 65178
594 65336
595 65494
596 65652
597 65810
598 65968
599 66480
600 66639
601 66798
602 66957
603 67298
604 67458
605 67618
606 67778
607 67938
608 68098
609 68590
610 68751
611 68912
612 69318
613 69480
614 69642
615 69804
616 70341
617 70504
618 70667
619 70830
620 70993
621 71156
622 71319
623 71482
624 71645
625 71808
626 71971
627 72135
628 72299
629 72463
630 72627
631 72791
632 73333
633 73866
634 74033
635 74200
636 74367
637 74534
638 74701
639 74868
640 75308
641 75476
642 75644
643 75812
644 75980
645 76148
646 76316
647 76484
648 76652
649 76820
650 76988
651 77156
652 77514
653 77683
654 78200
655 78370
656 78841
657 79407
658 79579
659 79751
660 79923
661 80095
662 80267
663 80439
664 80611
665 80783
666 80955
667 81529
668 81702
669 81875
670 82048
671 82221
672 82394
673 82567
674 82740
675 82913
676 83086
677 83259
678 83433
679 83607
680 83781
681 84284
682 84459
683 84634
684 84908
685 85084
686 85260
687 85436
688 85612
689 86073
690 86250
691 86427
692 86604
693 86781
694 86958
695 87135
696 87312
697 87489
698 87666
699 87843
700 88435
701 88977
702 89156
703 89533
704 90139
705 90320
706 90501
707 90682
708 91220
709 91402
710 91584
711 91766
712 91948
713 92130
714 92312
715 92494
716 92676
717 92858
718 93040
719 93222
720 93404
721 93586
722 93768
723 93950
724 94132
725 94314
726 94496
727 94678
728 94860
729 95042
730 95224
731 95408
732 95592
733 95800
734 95985
735 96170
736 96355
737 97028
738 97271
739 97459
740 97944
741 98133
742 98322
743 98961
744 99151
745 99864
746 100056
747 100248
748 100440
749 100632
750 101204
751 101397
752 101590
753 101783
754 102096
755 102290
756 102690
757 102885
758 103080
759 103275
760 103470
761 103665
762 103860
763 104055
764 104250
765 104597
766 104793
767 104989
768 105598
769 105795
770 105992
771 106189
772 106386
773 106583
774 106780
775 106977
776 107174
777 107371
778 107752
779 107950
780 108148
781 108346
782 108544
783 108742
784 109414
785 109613
786 109813
787 110013
788 110213
789 110413
790 110613
791 110813
792 111575
793 112302
794 112506
795 112710
796 112914
797 113118
798 113322
799 113526
800 113730
801 114771
802 114977
803 115183
804 115389
805 115595
806 115801
807 116007
808 116213
809 116419
810 116873
811 117294
812 117502
813 117710
814 117918
815 118126
816 118334
817 118542
818 118750
819 118958
820 119166
821 119374
822 119582
823 119790
824 119998
825 120206
826 120414
827 121120
828 121329
829 121818
830 122028
831 122238
832 122448
833 122658
834 122868
835 123078
836 123757
837 123968
838 124179
839 124390
840 124601
841 125287
842 125499
843 125712
844 125925
845 126138
846 126351
847 126564
848 127098
849 127423
850 127950
851 128166
852 128382
853 128598
854 129226
855 129443
856 129660
857 129877
858 130094
859 130311
860 130528
861 130745
862 130962
863 131179
864 131396
865 131613
866 131830
867 132047
868 132486
869 132704
870 132922
871 133140
872 133880
873 134940
874 135161
875 135382
876 135603
877 135824
878 136045
879 136266
880 136487
881 136708
882 136929
883 137150
884 137371
885 137592
886 137813
887 138034
888 138255
889 138476
890 138697
891 138918
892 139634
893 139856
894 140078
895 140300
896 140522
897 140744
898 141342
899 141565
900 141788
901 142011
902 142235
903 142459
904 142683
905 143240
906 143465
907 143690
908 144030
909 144684
910 144911
911 145138
912 145890
913 146118
914 146346
915 146574
916 146802
917 147030
918 147258
919 148032
920 148261
921 148490
922 148719
923 148948
924 149177
925 149814
926 150044
927 150504
928 150735
929 150966
930 151197
931 151428
932 151659
933 151890
934 152121
935 152352
936 152583
937 152814
938 153045
939 153276
940 153507
941 153738
942 153969
943 154200
944 154431
945 155177
946 155409
947 155641
948 155873
949 156105
950 156337
951 156569
952 156801
953 157586
954 158259
955 158493
956 158727
957 158961
958 159195
959 159429
960 159663
961 159897
962 160131
963 160366
964 160946
965 161182
966 161862
967 162099
968 162906
969 163263
970 163502
971 163741
972 163980
973 164219
974 164458
975 164697
976 164936
977 165175
978 165414
979 165653
980 165892
981 166131
982 166370
983 166609
984 166848
985 167559
986 167799
987 168039
988 168517
989 168758
990 168999
991 169240
992 169481
993 169722
994 169963
995 170204
996 171026
997 171268
998 171510
999 171752
