3 1
4 2
5 3
6 5
7 7
8 9
9 11
10 14
11 18
12 22
13 27
14 32
15 37
16 42
17 47
18 54
19 61
20 68
21 75
22 82
23 89
24 96
25 104
26 112
27 121
28 130
29 140
30 150
31 160
32 171
33 182
34 194
35 206
36 218
37 231
38 245
39 259
40 273
41 287
42 301
43 315
44 330
45 346
46 362
47 378
48 394
49 410
50 426
51 443
52 460
53 478
54 496
55 514
56 532
57 550
58 569
59 588
60 607
61 626
62 645
63 664
64 684
65 704
66 726
67 748
68 770
69 793
70 816
71 839
72 862
73 886
74 911
75 936
76 961
77 987
78 1013
79 1039
80 1065
81 1092
82 1119
83 1147
84 1175
85 1203
86 1231
87 1259
88 1287
89 1315
90 1345
91 1375
92 1406
93 1437
94 1468
95 1499
96 1530
97 1561
98 1592
99 1623
100 1654
101 1686
102 1719
103 1752
104 1785
105 1818
106 1851
107 1884
108 1917
109 1952
110 1987
111 2022
112 2057
113 2092
114 2128
115 2164
116 2200
117 2236
118 2272
119 2308
120 2344
121 2380
122 2416
123 2453
124 2490
125 2527
126 2564
127 2602
128 2641
129 2681
130 2723
131 2765
132 2807
133 2849
134 2891
135 2934
136 2977
137 3020
138 3063
139 3106
140 3149
141 3192
142 3236
143 3280
144 3324
145 3368
146 3414
147 3460
148 3506
149 3553
150 3600
151 3648
152 3696
153 3745
154 3794
155 3843
156 3892
157 3941
158 3990
159 4039
160 4088
161 4137
162 4187
163 4237
164 4287
165 4338
166 4389
167 4440
168 4491
169 4542
170 4593
171 4645
172 4698
173 4751
174 4804
175 4858
176 4912
177 4966
178 5021
179 5076
180 5131
181 5186
182 5241
183 5296
184 5351
185 5406
186 5462
187 5518
188 5574
189 5630
190 5687
191 5744
192 5801
193 5858
194 5915
195 5972
196 6029
197 6087
198 6146
199 6205
200 6264
201 6323
202 6382
203 6441
204 6500
205 6560
206 6620
207 6681
208 6742
209 6804
210 6866
211 6928
212 6990
213 7052
214 7114
215 7176
216 7238
217 7300
218 7363
219 7426
220 7489
221 7553
222 7617
223 7681
224 7746
225 7811
226 7878
227 7946
228 8014
229 8082
230 8150
231 8218
232 8286
233 8355
234 8426
235 8497
236 8568
237 8639
238 8710
239 8781
240 8852
241 8923
242 8995
243 9067
244 9139
245 9211
246 9283
247 9356
248 9429
249 9502
250 9575
251 9648
252 9721
253 9796
254 9871
255 9946
256 10021
257 10096
258 10172
259 10248
260 10324
261 10401
262 10478
263 10555
264 10632
265 10710
266 10789
267 10868
268 10947
269 11026
270 11106
271 11186
272 11266
273 11346
274 11426
275 11506
276 11586
277 11666
278 11746
279 11826
280 11906
281 11987
282 12068
283 12149
284 12231
285 12313
286 12395
287 12477
288 12559
289 12641
290 12724
291 12808
292 12892
293 12976
294 13060
295 13145
296 13230
297 13315
298 13402
299 13489
300 13576
301 13663
302 13750
303 13837
304 13924
305 14011
306 14098
307 14185
308 14272
309 14359
310 14446
311 14533
312 14620
313 14707
314 14794
315 14881
316 14968
317 15057
318 15146
319 15235
320 15324
321 15414
322 15505
323 15596
324 15687
325 15778
326 15870
327 15962
328 16054
329 16146
330 16238
331 16330
332 16422
333 16515
334 16608
335 16701
336 16794
337 16887
338 16981
339 17075
340 17169
341 17263
342 17357
343 17451
344 17545
345 17640
346 17735
347 17830
348 17926
349 18022
350 18118
351 18215
352 18313
353 18412
354 18512
355 18612
356 18712
357 18812
358 18912
359 19012
360 19113
361 19215
362 19317
363 19420
364 19523
365 19626
366 19729
367 19832
368 19935
369 20039
370 20144
371 20249
372 20354
373 20459
374 20564
375 20669
376 20774
377 20879
378 20984
379 21089
380 21195
381 21301
382 21408
383 21515
384 21622
385 21729
386 21837
387 21945
388 22053
389 22163
390 22273
391 22383
392 22493
393 22604
394 22715
395 22826
396 22937
397 23048
398 23159
399 23270
400 23381
401 23492
402 23604
403 23716
404 23828
405 23940
406 24052
407 24164
408 24277
409 24391
410 24505
411 24619
412 24733
413 24848
414 24963
415 25079
416 25195
417 25311
418 25427
419 25543
420 25659
421 25775
422 25891
423 26007
424 26123
425 26240
426 26358
427 26476
428 26595
429 26714
430 26833
431 26952
432 27071
433 27190
434 27309
435 27428
436 27547
437 27666
438 27785
439 27904
440 28023
441 28142
442 28262
443 28383
444 28505
445 28627
446 28749
447 28871
448 28993
449 29115
450 29239
451 29363
452 29487
453 29611
454 29735
455 29859
456 29983
457 30107
458 30231
459 30355
460 30479
461 30603
462 30727
463 30851
464 30975
465 31101
466 31227
467 31353
468 31479
469 31606
470 31733
471 31860
472 31987
473 32115
474 32243
475 32371
476 32499
477 32627
478 32755
479 32883
480 33011
481 33139
482 33267
483 33395
484 33523
485 33651
486 33780
487 33910
488 34041
489 34172
490 34303
491 34434
492 34565
493 34697
494 34829
495 34961
496 35093
497 35225
498 35357
499 35489
500 35621
501 35753
502 35885
503 36017
504 36149
505 36281
506 36415
507 36549
508 36683
509 36817
510 36951
511 37085
512 37220
513 37356
514 37493
515 37630
516 37767
517 37905
518 38043
519 38181
520 38319
521 38457
522 38596
523 38735
524 38874
525 39013
526 39153
527 39293
528 39433
529 39574
530 39715
531 39857
532 39999
533 40141
534 40283
535 40425
536 40567
537 40709
538 40853
539 40997
540 41142
541 41288
542 41434
543 41580
544 41726
545 41872
546 42018
547 42164
548 42310
549 42458
550 42606
551 42754
552 42902
553 43050
554 43198
555 43346
556 43494
557 43643
558 43792
559 43941
560 44090
561 44239
562 44389
563 44539
564 44689
565 44839
566 44989
567 45140
568 45291
569 45443
570 45595
571 45747
572 45899
573 46051
574 46203
575 46355
576 46507
577 46660
578 46815
579 46970
580 47125
581 47280
582 47435
583 47590
584 47745
585 47901
586 48057
587 48213
588 48369
589 48525
590 48681
591 48837
592 48993
593 49149
594 49307
595 49465
596 49623
597 49781
598 49939
599 50097
600 50256
601 50415
602 50574
603 50733
604 50893
605 51053
606 51213
607 51373
608 51533
609 51693
610 51854
611 52015
612 52176
613 52338
614 52500
615 52662
616 52824
617 52987
618 53150
619 53313
620 53476
621 53639
622 53802
623 53965
624 54128
625 54291
626 54454
627 54618
628 54782
629 54946
630 55110
631 55274
632 55438
633 55603
634 55770
635 55937
636 56104
637 56271
638 56438
639 56605
640 56772
641 56940
642 57108
643 57276
644 57444
645 57612
646 57780
647 57948
648 58116
649 58284
650 58452
651 58620
652 58788
653 58957
654 59126
655 59296
656 59466
657 59637
658 59809
659 59981
660 60153
661 60325
662 60497
663 60669
664 60841
665 61013
666 61185
667 61357
668 61530
669 61703
670 61876
671 62049
672 62222
673 62395
674 62568
675 62741
676 62914
677 63087
678 63261
679 63435
680 63609
681 63783
682 63958
683 64133
684 64308
685 64484
686 64660
687 64836
688 65012
689 65188
690 65365
691 65542
692 65719
693 65896
694 66073
695 66250
696 66427
697 66604
698 66781
699 66958
700 67135
701 67313
702 67492
703 67671
704 67851
705 68032
706 68213
707 68394
708 68575
709 68757
710 68939
711 69121
712 69303
713 69485
714 69667
715 69849
716 70031
717 70213
718 70395
719 70577
720 70759
721 70941
722 71123
723 71305
724 71487
725 71669
726 71851
727 72033
728 72215
729 72397
730 72579
731 72763
732 72947
733 73131
734 73316
735 73501
736 73686
737 73871
738 74058
739 74246
740 74434
741 74623
742 74812
743 75001
744 75191
745 75381
746 75573
747 75765
748 75957
749 76149
750 76341
751 76534
752 76727
753 76920
754 77113
755 77307
756 77501
757 77696
758 77891
759 78086
760 78281
761 78476
762 78671
763 78866
764 79061
765 79256
766 79452
767 79648
768 79844
769 80041
770 80238
771 80435
772 80632
773 80829
774 81026
775 81223
776 81420
777 81617
778 81814
779 82012
780 82210
781 82408
782 82606
783 82804
784 83002
785 83201
786 83401
787 83601
788 83801
789 84001
790 84201
791 84401
792 84601
793 84803
794 85007
795 85211
796 85415
797 85619
798 85823
799 86027
800 86231
801 86435
802 86641
803 86847
804 87053
805 87259
806 87465
807 87671
808 87877
809 88083
810 88289
811 88496
812 88704
813 88912
814 89120
815 89328
816 89536
817 89744
818 89952
819 90160
820 90368
821 90576
822 90784
823 90992
824 91200
825 91408
826 91616
827 91824
828 92033
829 92242
830 92452
831 92662
832 92872
833 93082
834 93292
835 93502
836 93712
837 93923
838 94134
839 94345
840 94556
841 94767
842 94979
843 95192
844 95405
845 95618
846 95831
847 96044
848 96257
849 96471
850 96686
851 96902
852 97118
853 97334
854 97550
855 97767
856 97984
857 98201
858 98418
859 98635
860 98852
861 99069
862 99286
863 99503
864 99720
865 99937
866 100154
867 100371
868 100588
869 100806
870 101024
871 101242
872 101460
873 101679
874 101900
875 102121
876 102342
877 102563
878 102784
879 103005
880 103226
881 103447
882 103668
883 103889
884 104110
885 104331
886 104552
887 104773
888 104994
889 105215
890 105436
891 105657
892 105878
893 106100
894 106322
895 106544
896 106766
897 106988
898 107210
899 107433
900 107656
901 107879
902 108103
903 108327
904 108551
905 108775
906 109000
907 109225
908 109450
909 109676
910 109903
911 110130
912 110357
913 110585
914 110813
915 111041
916 111269
917 111497
918 111725
919 111953
920 112182
921 112411
922 112640
923 112869
924 113098
925 113327
926 113557
927 113787
928 114018
929 114249
930 114480
931 114711
932 114942
933 115173
934 115404
935 115635
936 115866
937 116097
938 116328
939 116559
940 116790
941 117021
942 117252
943 117483
944 117714
945 117945
946 118177
947 118409
948 118641
949 118873
950 119105
951 119337
952 119569
953 119801
954 120034
955 120268
956 120502
957 120736
958 120970
959 121204
960 121438
961 121672
962 121906
963 122141
964 122376
965 122612
966 122848
967 123085
968 123322
969 123560
970 123799
971 124038
972 124277
973 124516
974 124755
975 124994
976 125233
977 125472
978 125711
979 125950
980 126189
981 126428
982 126667
983 126906
984 127145
985 127384
986 127624
987 127864
988 128104
989 128345
990 128586
991 128827
992 129068
993 129309
994 129550
995 129791
996 130032
997 130274
998 130516
999 130758
