0 0
1 0
2 0
3 1
4 0
5 1
6 2
7 1
8 0
9 1
10 2
11 3
12 4
13 3
14 2
15 1
16 0
17 1
18 2
19 3
20 4
21 5
22 6
23 7
24 8
25 7
26 6
27 5
28 4
29 3
30 2
31 1
32 0
33 1
34 2
35 3
36 4
37 5
38 6
39 7
40 8
41 9
42 10
43 11
44 12
45 13
46 14
47 15
48 16
49 15
50 14
51 13
52 12
53 11
54 10
55 9
56 8
57 7
58 6
59 5
60 4
61 3
62 2
63 1
64 0
65 1
66 2
67 3
68 4
69 5
70 6
71 7
72 8
73 9
74 10
75 11
76 12
77 13
78 14
79 15
80 16
81 17
82 18
83 19
84 20
85 21
86 22
87 23
88 24
89 25
90 26
91 27
92 28
93 29
94 30
95 31
96 32
97 31
98 30
99 29
100 28
101 27
102 26
103 25
104 24
105 23
106 22
107 21
108 20
109 19
110 18
111 17
112 16
113 15
114 14
115 13
116 12
117 11
118 10
119 9
120 8
121 7
122 6
123 5
124 4
125 3
126 2
127 1
128 0
129 1
130 2
131 3
132 4
133 5
134 6
135 7
136 8
137 9
138 10
139 11
140 12
141 13
142 14
143 15
144 16
145 17
146 18
147 19
148 20
149 21
150 22
151 23
152 24
153 25
154 26
155 27
156 28
157 29
158 30
159 31
160 32
161 33
162 34
163 35
164 36
165 37
166 38
167 39
168 40
169 41
170 42
171 43
172 44
173 45
174 46
175 47
176 48
177 49
178 50
179 51
180 52
181 53
182 54
183 55
184 56
185 57
186 58
187 59
188 60
189 61
190 62
191 63
192 64
193 63
194 62
195 61
196 60
197 59
198 58
199 57
200 56
201 55
202 54
203 53
204 52
205 51
206 50
207 49
208 48
209 47
210 46
211 45
212 44
213 43
214 42
215 41
216 40
217 39
218 38
219 37
220 36
221 35
222 34
223 33
224 32
225 31
226 30
227 29
228 28
229 27
230 26
231 25
232 24
233 23
234 22
235 21
236 20
237 19
238 18
239 17
240 16
241 15
242 14
243 13
244 12
245 11
246 10
247 9
248 8
249 7
250 6
251 5
252 4
253 3
254 2
255 1
256 0
257 1
258 2
259 3
260 4
261 5
262 6
263 7
264 8
265 9
266 10
267 11
268 12
269 13
270 14
271 15
272 16
273 17
274 18
275 19
276 20
277 21
278 22
279 23
280 24
281 25
282 26
283 27
284 28
285 29
286 30
287 31
288 32
289 33
290 34
291 35
292 36
293 37
294 38
295 39
296 40
297 41
298 42
299 43
300 44
301 45
302 46
303 47
304 48
305 49
306 50
307 51
308 52
309 53
310 54
311 55
312 56
313 57
314 58
315 59
316 60
317 61
318 62
319 63
320 64
321 65
322 66
323 67
324 68
325 69
326 70
327 71
328 72
329 73
330 74
331 75
332 76
333 77
334 78
335 79
336 80
337 81
338 82
339 83
340 84
341 85
342 86
343 87
344 88
345 89
346 90
347 91
348 92
349 93
350 94
351 95
352 96
353 97
354 98
355 99
356 100
357 101
358 102
359 103
360 104
361 105
362 106
363 107
364 108
365 109
366 110
367 111
368 112
369 113
370 114
371 115
372 116
373 117
374 118
375 119
376 120
377 121
378 122
379 123
380 124
381 125
382 126
383 127
384 128
385 127
386 126
387 125
388 124
389 123
390 122
391 121
392 120
393 119
394 118
395 117
396 116
397 115
398 114
399 113
400 112
401 111
402 110
403 109
404 108
405 107
406 106
407 105
408 104
409 103
410 102
411 101
412 100
413 99
414 98
415 97
416 96
417 95
418 94
419 93
420 92
421 91
422 90
423 89
424 88
425 87
426 86
427 85
428 84
429 83
430 82
431 81
432 80
433 79
434 78
435 77
436 76
437 75
438 74
439 73
440 72
441 71
442 70
443 69
444 68
445 67
446 66
447 65
448 64
449 63
450 62
451 61
452 60
453 59
454 58
455 57
456 56
457 55
458 54
459 53
460 52
461 51
462 50
463 49
464 48
465 47
466 46
467 45
468 44
469 43
470 42
471 41
472 40
473 39
474 38
475 37
476 36
477 35
478 34
479 33
480 32
481 31
482 30
483 29
484 28
485 27
486 26
487 25
488 24
489 23
490 22
491 21
492 20
493 19
494 18
495 17
496 16
497 15
498 14
499 13
500 12
501 11
502 10
503 9
504 8
505 7
506 6
507 5
508 4
509 3
510 2
511 1
512 0
513 1
514 2
515 3
516 4
517 5
518 6
519 7
520 8
521 9
522 10
523 11
524 12
525 13
526 14
527 15
528 16
529 17
530 18
531 19
532 20
533 21
534 22
535 23
536 24
537 25
538 26
539 27
540 28
541 29
542 30
543 31
544 32
545 33
546 34
547 35
548 36
549 37
550 38
551 39
552 40
553 41
554 42
555 43
556 44
557 45
558 46
559 47
560 48
561 49
562 50
563 51
564 52
565 53
566 54
567 55
568 56
569 57
570 58
571 59
572 60
573 61
574 62
575 63
576 64
577 65
578 66
579 67
580 68
581 69
582 70
583 71
584 72
585 73
586 74
587 75
588 76
589 77
590 78
591 79
592 80
593 81
594 82
595 83
596 84
597 85
598 86
599 87
600 88
601 89
602 90
603 91
604 92
605 93
606 94
607 95
608 96
609 97
610 98
611 99
612 100
613 101
614 102
615 103
616 104
617 105
618 106
619 107
620 108
621 109
622 110
623 111
624 112
625 113
626 114
627 115
628 116
629 117
630 118
631 119
632 120
633 121
634 122
635 123
636 124
637 125
638 126
639 127
640 128
641 129
642 130
643 131
644 132
645 133
646 134
647 135
648 136
649 137
650 138
651 139
652 140
653 141
654 142
655 143
656 144
657 145
658 146
659 147
660 148
661 149
662 150
663 151
664 152
665 153
666 154
667 155
668 156
669 157
670 158
671 159
672 160
673 161
674 162
675 163
676 164
677 165
678 166
679 167
680 168
681 169
682 170
683 171
684 172
685 173
686 174
687 175
688 176
689 177
690 178
691 179
692 180
693 181
694 182
695 183
696 184
697 185
698 186
699 187
700 188
701 189
702 190
703 191
704 192
705 193
706 194
707 195
708 196
709 197
710 198
711 199
712 200
713 201
714 202
715 203
716 204
717 205
718 206
719 207
720 208
721 209
722 210
723 211
724 212
725 213
726 214
727 215
728 216
729 217
730 218
731 219
732 220
733 221
734 222
735 223
736 224
737 225
738 226
739 227
740 228
741 229
742 230
743 231
744 232
745 233
746 234
747 235
748 236
749 237
750 238
751 239
752 240
753 241
754 242
755 243
756 244
757 245
758 246
759 247
760 248
761 249
762 250
763 251
764 252
765 253
766 254
767 255
768 256
769 255
770 254
771 253
772 252
773 251
774 250
775 249
776 248
777 247
778 246
779 245
780 244
781 243
782 242
783 241
784 240
785 239
786 238
787 237
788 236
789 235
790 234
791 233
792 232
793 231
794 230
795 229
796 228
797 227
798 226
799 225
800 224
801 223
802 222
803 221
804 220
805 219
806 218
807 217
808 216
809 215
810 214
811 213
812 212
813 211
814 210
815 209
816 208
817 207
818 206
819 205
820 204
821 203
822 202
823 201
824 200
825 199
826 198
827 197
828 196
829 195
830 194
831 193
832 192
833 191
834 190
835 189
836 188
837 187
838 186
839 185
840 184
841 183
842 182
843 181
844 180
845 179
846 178
847 177
848 176
849 175
850 174
851 173
852 172
853 171
854 170
855 169
856 168
857 167
858 166
859 165
860 164
861 163
862 162
863 161
864 160
865 159
866 158
867 157
868 156
869 155
870 154
871 153
872 152
873 151
874 150
875 149
876 148
877 147
878 146
879 145
880 144
881 143
882 142
883 141
884 140
885 139
886 138
887 137
888 136
889 135
890 134
891 133
892 132
893 131
894 130
895 129
896 128
897 127
898 126
899 125
900 124
901 123
902 122
903 121
904 120
905 119
906 118
907 117
908 116
909 115
910 114
911 113
912 112
913 111
914 110
915 109
916 108
917 107
918 106
919 105
920 104
921 103
922 102
923 101
924 100
925 99
926 98
927 97
928 96
929 95
930 94
931 93
932 92
933 91
934 90
935 89
936 88
937 87
938 86
939 85
940 84
941 83
942 82
943 81
944 80
945 79
946 78
947 77
948 76
949 75
950 74
951 73
952 72
953 71
954 70
955 69
956 68
957 67
958 66
959 65
960 64
961 63
962 62
963 61
964 60
965 59
966 58
967 57
968 56
969 55
970 54
971 53
972 52
973 51
974 50
975 49
976 48
977 47
978 46
979 45
980 44
981 43
982 42
983 41
984 40
985 39
986 38
987 37
988 36
989 35
990 34
991 33
992 32
993 31
994 30
995 29
996 28
997 27
998 26
999 25
