1000
3467 -4959
1500 1334
724 4169
4358 -3522
-536 1962
3145 705
1827 -1719
-4509 4961
-3058 -2005
436 -173
-396 -2609
-4847 -1098
-2618 -4708
3716 2421
4895 4718
-3274 447
-3462 -229
4912 -3131
1299 667
4894 2035
-1189 3703
-4667 -3678
-336 2673
2711 141
1868 3253
2644 547
-2243 -2338
-2141 -4963
4741 3723
-4222 2529
-1965 -2684
-3158 -2810
-4894 -4712
3942 4040
-2352 4264
-1195 2446
1729 890
350 -630
-3899 6
-1452 -607
-2377 4629
4954 -916
-3160 3756
2376 -34
1308 -1069
-2561 1944
-3677 -374
-3462 537
-2918 1118
1541 -2071
-3885 -167
4658 -361
4930 -2296
-2694 -1023
-2614 -3327
3745 21
4072 1924
829 1270
573 1777
1512 97
-1710 -1014
3636 4161
-233 -2645
574 -1345
-2948 -969
-3850 2350
-3276 1941
-1570 -1034
-4809 -3893
-3663 3007
-2713 457
-4617 2753
3909 -55
4758 -2791
3588 -779
-54 1422
-1970 2506
4168 1413
-2409 -4100
-3345 3762
1359 2410
-4463 2624
1483 -3452
-959 2595
-650 -1398
-4164 -4709
-3980 4374
-979 -404
-1801 2348
-516 4668
-266 3281
-3001 -4947
2938 1418
-1212 1900
-4533 3127
-107 -1272
-2517 -352
-2579 2807
1617 -690
4514 -2187
2616 -691
2451 3935
249 -4400
-3444 1519
-4697 -2202
-3992 1224
-2391 844
-2298 -11
-4515 -1805
-657 -1907
-3413 -4477
4503 4314
200 2448
1618 -1542
4796 -4420
281 -202
-4202 4589
2157 3009
-1378 -4528
-2708 3538
-821 1038
4657 3190
1191 2958
-2112 4815
-3489 4156
-2366 1202
-4945 -728
-2354 -4672
-114 1362
3433 3875
-4858 4869
-3584 -1156
-3002 -3119
3651 -4678
699 -4979
3476 -1443
-611 2892
-4288 75
-2490 -2400
1869 -3997
-312 2861
4789 -1599
1423 255
-4415 2
-4715 -818
-3574 2088
-1243 3617
-4068 4832
-2846 -831
2189 721
-3671 4976
3692 -2632
-4445 -3575
1549 -1566
4512 2441
3060 -4855
-1247 -3282
-2577 1139
996 1279
-2471 1687
2437 -2451
-2051 4866
-1805 -4807
-4584 -1703
1105 3286
1282 -512
734 -2545
-3299 3114
-4329 -3684
-2737 786
-645 -687
-4947 -3815
-4192 -4088
-4055 -3168
2756 -687
4558 3321
2982 -1354
-856 -4519
-4778 -1804
-2839 2129
-4550 535
-4534 -3827
-3341 -2956
1439 1292
-4976 2253
4510 1154
-4351 -255
3313 -1814
3022 -526
-982 -2832
4905 3787
2391 2958
-1375 -4798
-586 1477
824 4314
874 4334
-4841 -628
3070 -3167
3297 2487
3177 2518
-2730 2773
-2332 -3237
-1015 2192
3480 -1898
2627 4213
-901 -198
-2375 -4473
-3076 -3457
4972 -3977
-819 -1939
2432 -3997
2593 2505
-1969 -2275
-4858 3492
-3714 2222
2900 -1936
3360 4187
-4026 -2587
4170 -730
-4167 -4765
760 4711
-333 3896
-2450 2285
-1306 -4860
-3376 -2305
-2875 3019
-3306 1576
1302 -2342
-2534 2371
-2407 -322
484 -1149
3464 -3982
-1848 -3881
3087 -2200
-3074 -3940
-243 4010
-4685 -2830
-4773 4576
-2242 -2957
109 2164
2086 2882
-1513 4565
-526 4577
627 -2375
-3072 629
3520 423
-38 1902
-404 -4877
-1739 -1263
-2475 -4805
3260 -3736
3116 1202
-4674 30
-4229 4011
547 1411
-3480 -3847
-76 4790
-3237 -4812
-4149 -60
-1171 3662
2713 -4100
2578 3958
-1993 3365
-3800 -3523
1439 1058
-2240 -2697
-2676 4357
108 1477
-113 -3887
-2150 4801
-2572 -540
2384 -2007
1540 4405
3704 -3889
-2644 -2165
4350 1072
-515 3823
-1784 -4444
4357 -3374
-1643 3526
-1729 4337
4361 -1131
-1978 -2104
-4888 4617
3696 -2283
-959 -3415
-871 -577
-435 -771
3932 1559
4855 -2704
1962 -2947
4734 -1416
1972 1654
-631 -3543
-2037 -2468
-2517 -2393
-3365 -4089
-2152 -4933
-2062 -325
-2858 -2777
1511 -1246
-4825 -2259
2825 -3541
2870 -1779
-3066 -3374
-3217 205
2398 -1150
-2299 -2721
-2266 -2807
1534 -3363
-3007 556
705 -4824
-4452 1962
-4700 881
1641 -587
-145 4855
-3538 -1858
-4123 2611
-2322 -4576
3443 -3248
-2327 3296
4313 -4960
-4928 -4125
-4390 -2182
-68 -3983
-4305 3112
-1169 -1831
1488 -4960
4090 3685
-2411 4497
145 990
4314 4353
1740 3651
-3742 -2956
3759 -4665
2605 -3808
-2819 264
-1171 3503
-4392 -1225
997 4292
4556 2549
-3373 561
4541 1467
-3760 1129
4174 2813
1077 -4399
3683 -4785
-1008 3213
601 824
759 -1608
1428 -2330
-916 3027
3786 -4925
-30 498
-1153 1287
-4497 -2396
-2337 -3779
-2637 706
-2829 4010
3240 2489
542 -2836
-4087 2619
1704 2591
4232 -3182
205 -4250
-3461 -25
-3578 -4697
-3753 -3902
-1352 -1416
2864 -2029
-3925 -2087
3712 -3455
3678 2546
262 -3231
-1015 3519
944 3289
3540 -2135
508 -1755
2870 3318
3323 4601
-528 -3868
87 2152
4763 3570
2103 4901
-1473 -577
1969 -3400
565 -985
-3457 -4972
-2912 347
-2363 -2057
1463 -2591
-319 49
-3658 -3412
-2940 -4392
-3242 -3779
-4112 4954
-4310 -854
-2157 2949
620 -3570
2067 -4252
-4217 -464
-2774 3035
2038 185
629 4853
748 -3776
-1641 4923
-234 -2743
-45 -56
-2274 -1682
-3975 411
-3999 -4645
4496 -2451
4515 3584
-1658 2964
2913 3075
-3804 1142
72 -3052
-394 -4574
-571 1173
1705 -2596
4812 -4374
-4907 4375
1036 1565
4141 -264
994 -4186
1652 3256
-4162 -1064
-3645 -4518
-3869 -3985
2841 3230
-2989 -375
-814 -2363
-3350 4690
-3366 662
-4647 -4107
-1548 -3584
2262 -992
454 -2767
1634 1303
-744 1303
-3876 -4852
-787 -2683
-972 2109
-3920 4200
1858 -3682
-845 -950
264 -3639
-1324 -3097
1909 4643
-1439 -98
-52 3489
-1347 -3718
-2780 -4326
1923 402
4369 -1169
-4741 -1122
-2381 4008
-4997 -1029
4781 -3055
-2608 1504
313 -2315
589 1698
938 -2278
1410 4037
1234 -3539
4961 -2492
1493 -1041
269 -3485
3869 -63
-300 -4942
1264 -1029
1215 117
2815 -445
-1961 3330
4288 -4788
-3046 3082
-4290 1085
-226 -516
4815 3380
1541 951
-3321 3115
898 2110
-4212 -1927
3132 -1023
3689 4956
-4992 1113
790 -2059
-3637 -3277
184 -4972
2200 -222
-3115 71
-3929 -3026
-2133 -3667
-705 1153
-4175 -2832
629 4676
-2402 3650
-307 -1691
-4920 -314
-2751 -4884
-3472 1667
2864 1679
3405 4421
1816 3826
2726 2516
4087 3666
4964 2681
686 -3660
-3338 1021
1064 -279
-4585 4309
4873 2902
-1059 2124
-3238 -2255
2531 3423
-2732 -194
602 4318
-693 -3093
-3988 -1519
1630 -3864
1809 -886
-1444 -916
-3707 -2710
4152 4996
345 -3946
-4752 -292
-1288 2491
-4886 131
2958 1439
4704 -278
-3948 1995
2479 269
1423 3238
-4134 2918
-2502 2659
-3804 3486
1633 2462
-2978 -2842
3392 -3854
-1075 -1963
4458 -4353
-4193 1602
2830 -902
-400 4292
-4201 2278
-4552 3352
-4460 -1118
-425 3315
4567 3762
3397 -2664
4897 -3582
-1149 828
-770 1816
1925 -551
-4771 -4342
-4060 -480
147 4560
-3345 162
-4208 -4325
-3246 -2639
-1854 1398
1946 3714
4569 -3812
2663 3638
-485 75
-4525 -3479
-4472 615
-2430 -1766
4464 -4095
3962 4557
-4476 -839
2469 -2451
-3077 -4670
-667 3350
-4090 -2075
1336 4737
-3722 3337
2636 -2607
3164 -4286
4949 -3409
-2495 4135
-4996 -1663
-2377 1337
4970 3664
-4432 608
2085 4281
3373 4152
3194 3652
-1174 4876
2572 3396
-360 1249
3819 4174
-2389 -4057
-4711 -3059
565 3419
2585 -1195
-3550 1216
-2391 -3385
4166 -3936
1074 1893
-4700 -1491
4573 4695
-1839 589
2968 -3828
1031 2358
4426 1268
-4578 3510
3779 -4226
-1448 -4090
391 -818
764 495
-3636 -4126
3255 -98
-4526 -540
1821 1972
547 1122
4789 -3423
-4805 605
2950 2594
-4246 1343
-3988 -2519
-1561 -3328
912 -1572
967 4762
-585 -592
2223 -3092
1434 -3241
4486 204
-4042 -681
1806 945
3700 3166
2692 -3633
3532 -3213
-4026 -4444
21 -1553
1222 3283
-2624 4331
1948 3583
2982 -2277
-224 -2982
-3889 4220
-1144 -2818
3925 4490
1486 -676
969 4677
2534 -3357
-2332 677
-3009 -3932
2783 -2804
2727 1828
871 4426
2612 -4303
-3973 3703
545 -3592
2185 4508
-763 -4762
-3687 1443
3850 -2499
-2889 128
3149 -1350
-3546 -3808
-4319 869
-4733 2465
4793 2713
472 3634
-2170 -4028
3442 -99
-1123 177
-4298 770
-3619 -636
3823 1590
3023 -2763
1595 -2821
-2673 -4831
-3690 -2958
-3942 3182
4487 2926
-2472 -3330
-2742 651
4860 2213
-3714 783
3610 -2258
2128 -528
841 3434
-1497 -4282
-135 -133
-3119 -4062
-2250 4257
3598 3614
-2339 3458
-2244 1063
-4722 -4193
4435 4489
-2925 1365
-3614 2586
3360 2833
1048 -1670
4492 3928
-1160 -2567
-3265 1766
-3401 4810
-3108 -3163
2328 -3018
-3631 4352
-3206 -3756
4252 1608
2432 -3353
2208 4535
-1503 -1736
2649 -1757
1841 -2985
1100 -4811
-4352 4812
4851 4523
3633 -526
2200 4891
4990 4854
-81 697
-2422 2780
-2456 -2069
-1513 -1660
-2475 -4101
538 3483
1193 2492
11 3252
834 -3440
-3503 -3160
3529 -2215
3805 -3460
-1608 3791
-1451 -1790
1979 -3422
4277 -4029
-4807 -4927
-3503 -3380
-3724 -1174
1582 4790
-3841 -1422
1489 -4582
-1551 -4841
4072 -2076
2008 -4620
-4792 2967
3503 1477
-2393 370
-2926 -804
-2389 -1278
3761 4019
-2110 -3944
1683 -3837
4932 -1284
-2259 452
1813 -46
-4604 -2138
-4385 460
-2401 -4096
-320 -4864
2032 4198
-2416 -613
-1483 2240
3670 2006
3882 -4759
-1477 249
-2895 -3242
2095 4621
4916 2296
-4822 678
58 -1421
-2250 2577
-1271 -993
-2005 -919
-324 -2322
-4101 2753
565 -3216
-1392 -1907
-3757 1172
2514 4929
55 -4832
973 -3809
1748 3922
-4014 651
1446 -2856
1517 -3423
4916 -371
791 874
-2088 469
-4307 3146
4815 4091
1857 1949
1052 -4360
3551 -4764
-3774 4487
1955 3162
3394 -1817
1097 -4820
2065 -1935
4261 -2487
-3922 -2422
-860 1878
-3053 -389
-4830 -2555
-1511 4975
1149 -250
-1135 -1667
2282 -2786
2432 2007
1367 3896
-118 3522
2641 -3190
-2813 2231
1479 1705
1538 1321
4447 -3649
4646 -792
759 -2724
-4578 -4811
3486 2666
-2972 -1545
-140 4614
-3223 4253
-2497 -3652
-2569 -4139
-2545 4082
-2894 -803
821 3752
1281 2296
-545 1021
2124 947
4135 3318
-3226 -3624
-2 4859
4253 -2926
-4365 1922
3888 -3357
-1768 3153
3680 -253
678 4926
-199 1450
-801 -39
1363 -4145
-4427 716
-1755 -3439
3274 1473
-647 -3450
-713 -3819
3110 -2301
2465 3643
-2471 2172
-2888 4981
-619 -1524
1890 3247
3805 1671
-4968 -2628
4320 -1011
431 -1835
-3707 4658
1578 2206
-2794 1948
3166 2171
1697 -1604
-1306 -3980
-212 529
2984 -4891
3978 -3031
-985 -3383
-1316 1626
2906 4168
-2903 928
-610 3118
-3215 199
4199 -514
-4290 -2580
813 3271
1085 2415
-1420 -4682
2267 -3669
-1556 3387
-493 -1814
2827 -640
1431 3074
-4729 2152
-307 -4732
-4663 4885
2604 -3689
-4594 -2323
4022 2768
0 4413
2537 -4458
-3612 -4962
-1711 2355
-1819 -3353
1584 -1907
-4239 -4013
3217 -4507
2482 4501
665 4447
-2896 -4247
4095 84
-4779 -1475
-3219 -1036
3106 -128
-1657 -1344
2080 -2407
-132 1080
-1287 -3589
-1749 -4032
-2921 2216
2040 3768
-2067 -3469
-4337 -1221
1653 -2741
-2905 2936
-3126 -635
1835 2720
3976 680
725 3455
-192 -929
4156 -1441
2832 602
-4560 2905
-3438 2375
-3038 -2115
-3164 -3920
-3798 -4203
-4920 -4492
-2924 340
-3507 4058
3546 2740
-227 -4526
3880 4097
-3928 -1665
-4293 -1600
-4334 -2045
-1412 -859
2168 -2519
4396 3315
-3991 1225
3136 -2988
3762 -3545
-4258 43
2922 -4979
4248 -488
2368 1018
4714 -1283
-1710 2650
-2241 -1665
-3105 -1831
-2360 303
-801 -3021
-209 4105
3681 3661
3753 -1348
-2971 -967
2042 987
-4917 1253
814 -3580
-2756 -2282
2229 -3937
3864 -4348
-4530 -231
-3953 5
-3513 -3406
-1724 -674
1540 -3677
-1010 2679
-290 -2412
2945 4271
3470 4221
-1411 -4817
-22 -1045
6 -221
-4865 -1738
2196 -1513
-2912 4033
4779 -2065
-210 993
3965 -38
4105 -3999
-433 -3193
-1866 -2331
-3543 -2329
-1455 -2002
-782 -1403
-156 3838
3563 2372
4264 -3972
-277 3801
2604 -1510
-773 -3399
-1308 -3803
-4637 4771
-2637 4301
-1435 2721
-1555 2421
-4505 3610
22 1741
4151 -3188
3055 -1985
3738 -1607
4882 279